200
8 1 2 3 4 6 5 7 8 
8 2 4 3 0 6 5 7 8 
8 4 3 5 1 6 7 0 8 
8 2 5 7 4 1 6 0 8 
8 6 2 5 7 3 1 0 8 
8 7 3 2 4 6 1 0 8 
8 4 5 2 7 3 1 0 8 
8 5 3 6 2 4 1 8 0 
8 10 7 5 9 6 3 4 2 
8 11 10 13 12 8 14 15 7 
8 9 8 11 13 12 14 7 15 
7 13 12 9 10 14 15 8 
8 13 11 14 9 15 10 8 16 
8 12 11 14 9 15 10 8 16 
8 15 12 13 11 16 9 17 10 
8 14 13 12 11 16 9 17 10 
8 17 18 19 15 20 14 21 22 
8 16 18 19 20 21 22 23 15 
8 19 20 21 17 22 23 16 24 
8 20 18 21 17 22 23 16 24 
8 19 21 18 22 23 17 24 26 
8 20 22 19 23 18 24 26 25 
8 23 21 24 20 25 26 19 27 
8 24 22 26 25 21 28 27 29 
8 26 25 23 27 29 28 22 30 
8 27 24 29 26 23 31 30 28 
8 24 28 25 29 30 23 27 31 
8 25 29 24 26 31 30 23 28 
8 26 30 24 29 25 31 23 27 
8 31 27 25 30 26 24 28 23 
8 31 29 28 26 25 27 24 32 
8 29 30 27 25 26 28 24 32 
8 34 33 31 35 30 29 37 36 
8 34 32 30 31 35 28 29 26 
8 32 33 35 31 30 37 36 29 
8 37 36 34 38 32 39 33 41 
8 38 37 35 39 40 41 42 34 
8 35 38 36 39 41 40 34 43 
8 39 37 36 41 40 35 42 43 
8 40 38 41 42 36 37 43 35 
8 39 41 42 38 36 43 37 47 
8 40 39 42 38 43 37 36 47 
8 40 41 39 47 38 49 43 51 
8 45 48 41 50 40 38 42 39 
0 
8 48 50 43 41 49 57 40 38 
0 
8 51 49 53 52 54 42 56 55 
8 50 45 43 49 57 51 41 47 
8 51 47 53 54 52 56 57 60 
8 48 45 43 49 57 51 47 61 
8 49 53 47 54 52 56 60 59 
8 53 55 54 51 59 56 47 60 
8 54 52 51 56 55 59 60 49 
8 53 56 59 60 52 55 51 49 
8 59 52 54 53 56 60 62 58 
8 60 54 59 53 61 55 63 62 
8 61 60 56 63 64 54 53 51 
8 55 52 59 65 62 66 54 53 
8 55 60 56 54 62 53 52 63 
8 56 59 61 63 54 62 53 55 
8 63 60 64 56 57 62 59 54 
8 59 63 66 60 64 56 67 61 
8 64 61 60 62 56 59 57 66 
8 63 61 62 60 56 67 66 57 
8 76 73 69 72 58 82 70 83 
8 67 71 70 62 69 78 77 63 
8 71 66 70 69 78 77 62 80 
7 85 95 102 104 108 111 112 
8 70 77 71 67 66 78 79 80 
8 71 69 67 66 77 78 79 80 
8 67 70 66 78 69 77 80 79 
8 73 75 76 65 82 86 83 87 
8 72 76 65 82 86 75 83 87 
8 81 89 64 63 61 91 97 57 
8 72 73 86 82 76 90 87 65 
8 82 83 87 86 73 65 69 72 
8 79 78 70 69 84 80 71 67 
8 80 79 77 71 70 84 67 69 
8 77 84 78 80 70 71 88 69 
8 78 79 84 77 71 70 67 69 
8 89 91 74 80 94 78 71 93 
8 86 87 83 76 90 73 88 84 
8 87 82 76 86 88 84 90 77 
8 79 88 77 80 78 83 70 69 
8 95 68 102 104 108 111 112 115 
8 82 87 90 83 76 73 88 72 
8 83 82 86 90 76 88 84 98 
8 84 83 79 87 77 80 98 82 
8 81 91 94 101 74 97 100 93 
8 86 87 82 83 98 76 88 73 
8 94 93 100 101 96 81 89 80 
0 
8 96 91 94 99 100 103 101 88 
8 91 100 93 101 96 89 99 103 
8 102 104 85 108 111 68 112 115 
8 93 99 103 94 100 91 101 88 
8 89 107 105 101 74 100 94 110 
8 90 99 88 87 96 86 83 103 
8 96 103 93 100 98 94 88 91 
8 101 94 91 93 96 103 106 99 
8 100 94 91 105 93 106 96 103 
8 104 95 108 111 85 112 115 68 
8 99 96 106 100 93 101 94 109 
8 102 95 108 111 112 85 115 68 
8 107 101 106 100 94 97 89 103 
8 103 109 100 105 101 99 96 94 
8 105 97 101 106 110 100 89 94 
8 111 112 104 102 115 95 118 121 
8 106 103 105 100 99 101 96 107 
8 107 105 97 106 101 100 109 89 
8 112 108 115 104 102 118 121 95 
8 111 108 115 104 118 102 121 122 
1 127 
6 116 117 123 120 119 125 
8 118 112 121 111 108 122 104 102 
6 117 119 120 123 114 125 
7 120 119 116 123 125 114 127 
8 121 115 122 112 111 124 108 126 
7 120 117 116 123 125 114 127 
7 117 119 116 123 125 114 127 
8 118 122 115 112 124 111 126 128 
8 121 118 124 126 115 128 129 112 
7 120 119 117 116 125 114 127 
8 126 128 129 122 130 131 121 118 
7 123 119 120 117 116 127 114 
8 128 124 129 130 131 122 121 118 
6 125 113 119 120 117 123 
8 126 129 124 130 131 122 121 118 
8 128 126 130 131 124 122 134 135 
8 131 129 128 126 124 134 135 138 
8 130 129 128 126 124 134 135 138 
8 133 137 136 141 143 152 148 151 
8 132 137 136 141 143 148 152 151 
8 135 138 140 139 142 131 130 144 
8 138 134 140 139 142 144 145 131 
8 137 133 141 143 132 148 149 151 
8 136 133 141 132 143 148 151 152 
8 135 140 139 134 142 144 145 131 
8 140 138 135 142 134 144 145 147 
8 139 138 135 134 142 144 145 147 
8 137 136 133 143 132 152 148 151 
8 144 145 139 140 147 138 135 134 
8 148 149 136 151 141 137 154 152 
8 145 142 147 139 140 138 150 135 
8 144 142 147 139 140 150 153 138 
0 
8 145 144 150 153 142 155 139 157 
8 149 154 151 143 156 158 152 164 
8 148 154 151 156 158 143 152 162 
8 153 155 147 157 160 145 159 144 
8 154 148 152 149 158 156 143 164 
8 151 154 148 149 158 169 143 156 
8 150 155 147 157 160 159 145 144 
8 151 149 148 158 156 152 164 162 
8 153 157 150 160 159 147 167 171 
8 158 162 164 154 149 161 168 148 
8 160 159 155 153 167 171 150 166 
8 156 154 164 149 168 162 151 148 
8 160 157 167 171 166 170 155 172 
8 157 159 155 167 171 166 153 170 
8 163 162 164 168 156 158 149 154 
8 161 163 164 156 168 158 154 149 
8 161 162 164 168 156 158 154 149 
8 168 162 156 158 161 163 154 149 
8 178 177 180 169 179 176 181 174 
8 170 167 171 172 159 160 157 155 
8 171 166 170 159 172 160 157 155 
8 164 162 163 161 158 156 154 149 
8 174 173 152 158 151 176 154 168 
8 172 166 167 171 159 160 157 155 
8 167 166 170 172 159 160 157 155 
8 170 166 171 167 159 160 157 155 
8 174 176 175 169 168 177 164 158 
8 173 176 175 169 177 168 164 158 
8 176 173 174 177 178 169 168 164 
8 175 174 173 177 169 178 168 164 
8 178 176 175 174 173 179 180 169 
8 177 180 179 176 181 175 165 182 
8 180 181 182 178 177 176 175 165 
8 179 181 182 178 177 165 176 175 
8 179 182 180 178 177 165 176 175 
6 181 180 179 178 177 165 
6 184 185 187 186 189 190 
8 185 187 186 189 190 188 183 191 
8 184 187 186 189 190 188 191 183 
8 189 187 190 185 188 191 184 192 
8 186 189 185 184 190 191 188 193 
8 191 190 189 192 193 186 194 187 
8 190 191 188 186 187 193 192 194 
8 189 191 188 186 193 192 187 194 
8 190 188 192 189 193 194 186 187 
8 193 194 191 188 190 189 197 198 
8 192 194 191 190 188 189 197 198 
8 192 193 197 191 188 198 190 189 
8 196 198 197 199 194 192 193 191 
8 195 199 198 197 194 192 193 191 
8 198 195 194 192 196 193 199 191 
8 197 195 196 194 199 192 193 191 
8 196 195 198 197 194 192 193 191 
